003.nii 118 159 62 99 23 87 41 37 64 138.5 80.5 55.0 
006.nii 80 96 84 99 62 77 16 15 15 88.0 91.5 69.5 
008.nii 101 152 74 126 63 85 51 52 22 126.5 100.0 74.0 
009.nii 61 71 134 142 32 51 10 8 19 66.0 138.0 41.5 
011.nii 83 95 133 143 52 65 12 10 13 89.0 138.0 58.5 
014.nii 88 110 185 210 68 74 22 25 6 99.0 197.5 71.0 
016.nii 87 106 72 89 44 72 19 17 28 96.5 80.5 58.0 
018.nii 80 98 92 111 24 34 18 19 10 89.0 101.5 29.0 
020.nii 115 137 76 104 40 82 22 28 42 126.0 90.0 61.0 
022.nii 159 176 67 85 53 72 17 18 19 167.5 76.0 62.5 
023.nii 53 79 185 213 7 71 26 28 64 66.0 199.0 39.0 
024.nii 92 112 95 112 63 76 20 17 13 102.0 103.5 69.5 
025.nii 122 160 84 133 36 80 38 49 44 141.0 108.5 58.0 
029.nii 120 132 60 75 34 55 12 15 21 126.0 67.5 44.5 
030.nii 134 155 98 129 31 56 21 31 25 144.5 113.5 43.5 
036.nii 52 79 91 114 33 61 27 23 28 65.5 102.5 47.0 
037.nii 63 85 166 187 69 81 22 21 12 74.0 176.5 75.0 
040.nii 137 163 60 93 10 48 26 33 38 150.0 76.5 29.0 
045.nii 88 97 91 102 59 71 9 11 12 92.5 96.5 65.0 
052.nii 125 138 77 89 47 67 13 12 20 131.5 83.0 57.0 
053.nii 130 156 56 78 16 73 26 22 57 143.0 67.0 44.5 
054.nii 111 126 85 105 56 71 15 20 15 118.5 95.0 63.5 
056.nii 100 121 76 92 23 52 21 16 29 110.5 84.0 37.5 
057.nii 143 164 67 91 73 86 21 24 13 153.5 79.0 79.5 
058.nii 125 141 49 66 23 45 16 17 22 133.0 57.5 34.0 
060.nii 54 76 84 108 14 49 22 24 35 65.0 96.0 31.5 
062.nii 97 136 41 65 21 49 39 24 28 116.5 53.0 35.0 
064.nii 100 132 57 92 50 108 32 35 58 116.0 74.5 79.0 
069.nii 90 110 70 91 41 80 20 21 39 100.0 80.5 60.5 
071.nii 157 174 68 82 14 30 17 14 16 165.5 75.0 22.0 
073.nii 101 147 85 120 39 92 46 35 53 124.0 102.5 65.5 
074.nii 72 89 68 85 37 55 17 17 18 80.5 76.5 46.0 
075.nii 71 81 163 175 23 32 10 12 9 76.0 169.0 27.5 
078.nii 101 146 55 86 2 50 45 31 48 123.5 70.5 26.0 
082.nii 112 130 66 83 57 81 18 17 24 121.0 74.5 69.0 
083.nii 115 130 70 86 46 56 15 16 10 122.5 78.0 51.0 
087.nii 91 108 109 126 20 41 17 17 21 99.5 117.5 30.5 
088.nii 55 192 39 167 3 60 137 128 57 123.5 103.0 31.5 
089.nii 71 112 77 116 53 92 41 39 39 91.5 96.5 72.5 
090.nii 96 122 89 120 55 73 26 31 18 109.0 104.5 64.0 
091.nii 67 104 75 108 48 85 37 33 37 85.5 91.5 66.5 
095.nii 84 99 103 121 27 51 15 18 24 91.5 112.0 39.0 
096.nii 137 154 76 92 44 69 17 16 25 145.5 84.0 56.5 
097.nii 80 101 87 110 62 96 21 23 34 90.5 98.5 79.0 
104.nii 33 40 121 128 44 50 7 7 6 36.5 124.5 47.0 
107.nii 120 135 56 67 7 41 15 11 34 127.5 61.5 24.0 
108.nii 81 92 74 83 14 46 11 9 32 86.5 78.5 30.0 
110.nii 121 129 76 83 30 38 8 7 8 125.0 79.5 34.0 
111.nii 117 126 97 109 60 79 9 12 19 121.5 103.0 69.5 
112.nii 116 137 90 105 45 73 21 15 28 126.5 97.5 59.0 
114.nii 85 110 61 79 35 55 25 18 20 97.5 70.0 45.0 
115.nii 126 131 88 93 50 77 5 5 27 128.5 90.5 63.5 
116.nii 71 81 175 186 48 62 10 11 14 76.0 180.5 55.0 
118.nii 172 175 120 123 57 64 3 3 7 173.5 121.5 60.5 
119.nii 80 85 123 134 46 66 5 11 20 82.5 128.5 56.0 
120.nii 90 108 73 93 52 71 18 20 19 99.0 83.0 61.5 
121.nii 73 93 57 78 24 56 20 21 32 83.0 67.5 40.0 
200.nii 63 78 121 135 39 59 15 14 20 70.5 128.0 49.0 
201.nii 89 116 175 207 28 81 27 32 53 102.5 191.0 54.5 
202.nii 150 169 68 79 19 58 19 11 39 159.5 73.5 38.5 
203.nii 113 121 94 104 62 94 8 10 32 117.0 99.0 78.0 
204.nii 79 93 79 93 50 71 14 14 21 86.0 86.0 60.5 
205.nii 72 82 141 151 48 65 10 10 17 77.0 146.0 56.5 
206.nii 96 115 83 104 45 69 19 21 24 105.5 93.5 57.0 
207.nii 103 114 171 188 60 70 11 17 10 108.5 179.5 65.0 
208.nii 77 89 152 167 73 86 12 15 13 83.0 159.5 79.5 
209.nii 88 108 183 205 19 69 20 22 50 98.0 194.0 44.0 
210.nii 154 162 76 89 67 95 8 13 28 158.0 82.5 81.0 
211.nii 68 86 68 88 43 80 18 20 37 77.0 78.0 61.5 
212.nii 64 91 75 92 80 95 27 17 15 77.5 83.5 87.5 
213.nii 107 119 93 109 32 52 12 16 20 113.0 101.0 42.0 
214.nii 77 83 108 115 38 61 6 7 23 80.0 111.5 49.5 
215.nii 81 96 66 84 50 100 15 18 50 88.5 75.0 75.0 
216.nii 136 145 51 56 59 67 9 5 8 140.5 53.5 63.0 
218.nii 102 114 112 126 81 94 12 14 13 108.0 119.0 87.5 
219.nii 98 117 97 113 70 92 19 16 22 107.5 105.0 81.0 
220.nii 132 143 76 89 24 45 11 13 21 137.5 82.5 34.5 
221.nii 100 116 83 103 49 71 16 20 22 108.0 93.0 60.0 
222.nii 117 127 83 95 2 47 10 12 45 122.0 89.0 24.5 
223.nii 142 153 54 63 54 65 11 9 11 147.5 58.5 59.5 
225.nii 130 140 46 58 28 47 10 12 19 135.0 52.0 37.5 
226.nii 63 74 86 110 44 59 11 24 15 68.5 98.0 51.5 
227.nii 138 155 77 93 49 75 17 16 26 146.5 85.0 62.0 
228.nii 83 103 100 123 55 100 20 23 45 93.0 111.5 77.5 
229.nii 106 117 75 91 0 75 11 16 75 111.5 83.0 37.5 
230.nii 114 132 88 113 52 72 18 25 20 123.0 100.5 62.0 
231.nii 136 147 67 81 16 42 11 14 26 141.5 74.0 29.0 
232.nii 98 109 52 62 25 42 11 10 17 103.5 57.0 33.5 
233.nii 146 151 38 44 31 50 5 6 19 148.5 41.0 40.5 
234.nii 67 90 114 136 36 77 23 22 41 78.5 125.0 56.5 
235.nii 153 170 101 118 48 81 17 17 33 161.5 109.5 64.5 
236.nii 136 175 61 92 45 79 39 31 34 155.5 76.5 62.0 
237.nii 87 97 162 178 70 80 10 16 10 92.0 170.0 75.0 
238.nii 123 140 77 99 50 72 17 22 22 131.5 88.0 61.0 
239.nii 112 129 71 86 36 78 17 15 42 120.5 78.5 57.0 
240.nii 146 151 54 60 39 50 5 6 11 148.5 57.0 44.5 
241.nii 150 160 61 78 35 49 10 17 14 155.0 69.5 42.0 
242.nii 131 153 82 108 65 81 22 26 16 142.0 95.0 73.0 
243.nii 111 127 77 89 41 89 16 12 48 119.0 83.0 65.0 
244.nii 99 111 68 77 65 76 12 9 11 105.0 72.5 70.5 
245.nii 84 99 159 177 73 95 15 18 22 91.5 168.0 84.0 
246.nii 107 133 75 98 8 46 26 23 38 120.0 86.5 27.0 
247.nii 144 156 62 80 14 36 12 18 22 150.0 71.0 25.0 
248.nii 91 104 60 71 46 83 13 11 37 97.5 65.5 64.5 
249.nii 124 141 56 70 12 66 17 14 54 132.5 63.0 39.0 
250.nii 113 127 78 91 70 80 14 13 10 120.0 84.5 75.0 
251.nii 127 150 91 119 61 85 23 28 24 138.5 105.0 73.0 
252.nii 96 105 61 69 35 60 9 8 25 100.5 65.0 47.5 
253.nii 131 139 88 99 67 74 8 11 7 135.0 93.5 70.5 
254.nii 162 169 89 98 26 44 7 9 18 165.5 93.5 35.0 
255.nii 142 148 96 102 45 54 6 6 9 145.0 99.0 49.5 
256.nii 111 121 67 80 3 23 10 13 20 116.0 73.5 13.0 
257.nii 81 87 86 92 43 74 6 6 31 84.0 89.0 58.5 
260.nii 116 124 105 115 38 57 8 10 19 120.0 110.0 47.5 
261.nii 61 68 98 105 44 52 7 7 8 64.5 101.5 48.0 
262.nii 109 119 65 76 34 53 10 11 19 114.0 70.5 43.5 
264.nii 141 155 82 98 51 88 14 16 37 148.0 90.0 69.5 
265.nii 127 137 73 88 57 94 10 15 37 132.0 80.5 75.5 
266.nii 112 130 82 97 26 52 18 15 26 121.0 89.5 39.0 
267.nii 97 114 85 101 61 93 17 16 32 105.5 93.0 77.0 
268.nii 113 129 74 88 64 93 16 14 29 121.0 81.0 78.5 
269.nii 86 98 84 96 39 91 12 12 52 92.0 90.0 65.0 
271.nii 142 152 79 89 57 73 10 10 16 147.0 84.0 65.0 
274.nii 137 147 115 122 65 72 10 7 7 142.0 118.5 68.5 
275.nii 55 80 109 133 54 85 25 24 31 67.5 121.0 69.5 
277.nii 136 150 70 87 42 90 14 17 48 143.0 78.5 66.0 
278.nii 84 95 146 161 51 66 11 15 15 89.5 153.5 58.5 
279.nii 97 110 56 66 55 74 13 10 19 103.5 61.0 64.5 
280.nii 103 114 105 118 25 48 11 13 23 108.5 111.5 36.5 
281.nii 91 120 97 120 52 90 29 23 38 105.5 108.5 71.0 
282.nii 74 88 54 65 39 54 14 11 15 81.0 59.5 46.5 
283.nii 127 137 72 79 66 85 10 7 19 132.0 75.5 75.5 
284.nii 139 149 64 78 29 48 10 14 19 144.0 71.0 38.5 
285.nii 78 91 95 109 36 52 13 14 16 84.5 102.0 44.0 
286.nii 135 151 50 65 27 57 16 15 30 143.0 57.5 42.0 
287.nii 107 117 81 91 33 51 10 10 18 112.0 86.0 42.0 
288.nii 87 115 118 140 62 84 28 22 22 101.0 129.0 73.0 
289.nii 75 89 63 81 57 84 14 18 27 82.0 72.0 70.5 
290.nii 79 93 58 70 50 63 14 12 13 86.0 64.0 56.5 
291.nii 111 123 72 85 60 77 12 13 17 117.0 78.5 68.5 
292.nii 84 120 68 107 60 132 36 39 72 102.0 87.5 96.0 
293.nii 125 137 72 87 11 46 12 15 35 131.0 79.5 28.5 
294.nii 143 155 58 70 49 68 12 12 19 149.0 64.0 58.5 
295.nii 83 94 107 122 42 57 11 15 15 88.5 114.5 49.5 
296.nii 139 149 98 105 56 68 10 7 12 144.0 101.5 62.0 
297.nii 94 127 131 171 48 71 33 40 23 110.5 151.0 59.5 
298.nii 82 88 58 68 24 57 6 10 33 85.0 63.0 40.5 
299.nii 170 174 41 44 66 70 4 3 4 172.0 42.5 68.0 
300.nii 150 159 60 73 65 81 9 13 16 154.5 66.5 73.0 
302.nii 112 129 99 113 52 85 17 14 33 120.5 106.0 68.5 
303.nii 115 125 107 117 60 78 10 10 18 120.0 112.0 69.0 
305.nii 121 133 60 69 64 85 12 9 21 127.0 64.5 74.5 
306.nii 94 112 85 103 34 56 18 18 22 103.0 94.0 45.0 
401.nii 73 87 96 111 57 76 14 15 19 80.0 103.5 66.5 
402.nii 32 42 152 162 54 69 10 10 15 37.0 157.0 61.5 
403.nii 133 146 113 124 33 75 13 11 42 139.5 118.5 54.0 
405.nii 136 165 66 88 31 72 29 22 41 150.5 77.0 51.5 
406.nii 103 125 73 94 15 63 22 21 48 114.0 83.5 39.0 
407.nii 88 119 53 70 50 72 31 17 22 103.5 61.5 61.0 
408.nii 136 142 76 81 54 78 6 5 24 139.0 78.5 66.0 
409.nii 89 97 71 79 31 42 8 8 11 93.0 75.0 36.5 
411.nii 136 146 42 53 8 20 10 11 12 141.0 47.5 14.0 
412.nii 76 102 100 125 23 103 26 25 80 89.0 112.5 63.0 
413.nii 119 140 71 103 33 82 21 32 49 129.5 87.0 57.5 
415.nii 132 139 111 117 71 81 7 6 10 135.5 114.0 76.0 
416.nii 60 71 91 101 39 59 11 10 20 65.5 96.0 49.0 
417.nii 158 171 108 120 52 72 13 12 20 164.5 114.0 62.0 
418.nii 112 122 50 65 16 51 10 15 35 117.0 57.5 33.5 
419.nii 110 122 76 84 12 37 12 8 25 116.0 80.0 24.5 
420.nii 115 121 61 66 86 106 6 5 20 118.0 63.5 96.0 
421.nii 82 95 73 86 42 92 13 13 50 88.5 79.5 67.0 
424.nii 80 93 74 89 51 75 13 15 24 86.5 81.5 63.0 
425.nii 88 100 59 72 47 69 12 13 22 94.0 65.5 58.0 
426.nii 85 100 90 99 9 16 15 9 7 92.5 94.5 12.5 
427.nii 81 95 138 151 65 88 14 13 23 88.0 144.5 76.5 
428.nii 120 145 82 99 16 85 25 17 69 132.5 90.5 50.5 
429.nii 105 117 89 98 68 88 12 9 20 111.0 93.5 78.0 
430.nii 120 132 55 69 32 47 12 14 15 126.0 62.0 39.5 
432.nii 123 143 54 72 39 59 20 18 20 133.0 63.0 49.0 
433.nii 115 125 77 83 68 83 10 6 15 120.0 80.0 75.5 
434.nii 105 119 111 125 47 64 14 14 17 112.0 118.0 55.5 
435.nii 126 141 107 117 46 61 15 10 15 133.5 112.0 53.5 
436.nii 134 142 54 57 7 24 8 3 17 138.0 55.5 15.5 
438.nii 128 135 114 126 61 92 7 12 31 131.5 120.0 76.5 
439.nii 168 172 97 107 47 78 4 10 31 170.0 102.0 62.5 
440.nii 81 97 70 86 23 73 16 16 50 89.0 78.0 48.0 
441.nii 76 83 50 56 53 60 7 6 7 79.5 53.0 56.5 
442.nii 134 150 72 92 29 73 16 20 44 142.0 82.0 51.0 
443.nii 83 97 66 80 10 68 14 14 58 90.0 73.0 39.0 
444.nii 117 121 79 89 42 59 4 10 17 119.0 84.0 50.5 
446.nii 100 108 69 74 41 49 8 5 8 104.0 71.5 45.0 
447.nii 110 120 77 84 15 44 10 7 29 115.0 80.5 29.5 
448.nii 127 142 54 69 39 82 15 15 43 134.5 61.5 60.5 
450.nii 66 74 66 74 35 63 8 8 28 70.0 70.0 49.0 
451.nii 118 135 34 46 25 43 17 12 18 126.5 40.0 34.0 
452.nii 126 145 90 113 25 51 19 23 26 135.5 101.5 38.0 
453.nii 97 102 79 87 57 70 5 8 13 99.5 83.0 63.5 
454.nii 124 131 79 90 61 74 7 11 13 127.5 84.5 67.5 
455.nii 131 139 148 157 70 80 8 9 10 135.0 152.5 75.0 
456.nii 102 109 69 81 50 69 7 12 19 105.5 75.0 59.5 
457.nii 79 91 145 155 31 57 12 10 26 85.0 150.0 44.0 
458.nii 155 161 62 70 37 55 6 8 18 158.0 66.0 46.0 
460.nii 67 75 198 206 60 80 8 8 20 71.0 202.0 70.0 
461.nii 107 116 60 74 51 78 9 14 27 111.5 67.0 64.5 
462.nii 97 113 60 69 22 40 16 9 18 105.0 64.5 31.0 
463.nii 130 144 110 119 53 75 14 9 22 137.0 114.5 64.0 
464.nii 142 160 96 108 46 77 18 12 31 151.0 102.0 61.5 
466.nii 118 139 86 108 45 76 21 22 31 128.5 97.0 60.5 
468.nii 96 101 75 80 40 58 5 5 18 98.5 77.5 49.0 
469.nii 117 129 89 103 4 45 12 14 41 123.0 96.0 24.5 
